! namelist file
! ------------------->,
&INPUT_INFO
 KTYP=               0,
 KUNI=               1,
 TINI=       -190000.0,
 TFIN=             0.0,
 TINC=          1000.0,
 PERH=     261.2706265,
 ECC =      0.03905397,
 XOB =     24.12428856,
 QLAT=            65.0,
 /
