! namelist file
! ------------------->,
&INPUT_INFO
 KTYP=               1,
 KUNI=               1,
 TINI=       -190000.0,
 TFIN=             0.0,
 TINC=          1000.0,
 PERH=    97.770733785,
 ECC =      0.01878872,
 XOB =     22.78729248,
 QLAT=            65.0,
 /
